2.98e+33 6.26e+11 5770 3.84e+33 3.11e+05 4.00e-07
-1.00e+10       1.0000       1.0000       1.0000       1.0000       1.0000       1.0000       0.0000       1.0000       0.0000       0.0000       1.0000       0.0000
-1.10e+26       1.0000       1.0000       1.0000       1.0000       1.0000       1.0000       0.0000       1.0000       0.0000       0.0000       1.0000       0.0000
-1.10e+26       1.0000       0.9999       1.0003       1.0000       1.0363       1.0360       0.0000       1.0000       0.0000       0.0000       1.0000       0.0000
-1.10e+26       1.0000       0.9998       1.0006       1.0000       1.0726       1.0719       0.0000       1.0000       0.0000       0.0000       1.0000       0.0000
-1.15e+26       1.0000       0.9997       1.0009       1.0000       1.1089       1.1079       0.0000       1.0000       0.0000       0.0000       1.0000       0.0000
-1.21e+26       1.0000       0.9997       1.0012       1.0000       1.1470       1.1457       0.0000       1.0000       0.0000       0.0000       1.0000       0.0000
-1.27e+26       1.0000       0.9996       1.0015       1.0000       1.1871       1.1853       0.0000       1.0000       0.0000       0.0000       1.0000       0.0000
-1.27e+26       1.0000       0.9995       1.0018       1.0000       1.2291       1.2269       0.0000       1.0000       0.0000       0.0000       1.0000       0.0000
-1.33e+26       1.0000       0.9994       1.0022       1.0000       1.2712       1.2685       0.0000       1.0000       0.0000       0.0000       1.0000       0.0000
-1.40e+26       1.0000       0.9993       1.0025       1.0000       1.3154       1.3121       0.0000       1.0000       0.0000       0.0000       1.0000       0.0000
-1.40e+26       1.0000       0.9992       1.0029       1.0000       1.3619       1.3579       0.0000       1.0000       0.0000       0.0000       1.0000       0.0000
-1.47e+26       1.0000       0.9991       1.0033       1.0000       1.4083       1.4037       0.0000       1.0000       0.0000       0.0000       1.0000       0.0000
-1.54e+26       1.0000       0.9991       1.0037       1.0000       1.4571       1.4518       0.0000       1.0000       0.0000       0.0000       1.0000       0.0000
-1.54e+26       1.0000       0.9990       1.0041       1.0000       1.5084       1.5022       0.0000       1.0000       0.0000       0.0000       1.0000       0.0000
-1.62e+26       1.0000       0.9989       1.0045       1.0000       1.5596       1.5527       0.0000       1.0000       0.0000       0.0000       1.0000       0.0000
-1.70e+26       1.0000       0.9988       1.0049       1.0000       1.6135       1.6056       0.0000       1.0000       0.0000       0.0000       1.0000       0.0000
-1.70e+26       1.0000       0.9987       1.0054       1.0000       1.6700       1.6611       0.0000       1.0000       0.0000       0.0000       1.0000       0.0000
-1.79e+26       1.0000       0.9986       1.0058       1.0000       1.7266       1.7166       0.0000       1.0000       0.0000       0.0000       1.0000       0.0000
-1.88e+26       1.0000       0.9986       1.0063       1.0000       1.7860       1.7749       0.0000       1.0000       0.0000       0.0000       1.0000       0.0000
-1.97e+26       1.0000       0.9985       1.0068       1.0000       1.8484       1.8360       0.0000       1.0000       0.0000       0.0000       1.0000       0.0000
-1.97e+26       1.0000       0.9984       1.0073       1.0000       1.9140       1.9001       0.0000       1.0000       0.0000       0.0000       1.0000       0.0000
-2.07e+26       1.0000       0.9983       1.0078       1.0000       1.9796       1.9642       0.0000       1.0000       0.0000       0.0000       1.0000       0.0000
-2.17e+26       1.0000       0.9982       1.0084       1.0000       2.0484       2.0315       0.0000       1.0000       0.0000       0.0000       1.0000       0.0000
-2.17e+26       1.0000       0.9981       1.0089       1.0000       2.1208       2.1020       0.0000       1.0000       0.0000       0.0000       1.0000       0.0000
-2.28e+26       1.0000       0.9980       1.0095       1.0000       2.1932       2.1725       0.0000       1.0000       0.0000       0.0000       1.0000       0.0000
-2.40e+26       1.0000       0.9980       1.0101       1.0000       2.2692       2.2465       0.0000       1.0000       0.0000       0.0000       1.0000       0.0000
-2.40e+26       1.0000       0.9979       1.0107       1.0000       2.3490       2.3241       0.0000       1.0000       0.0000       0.0000       1.0000       0.0000
-2.51e+26       1.0000       0.9978       1.0113       1.0000       2.4289       2.4017       0.0000       1.0000       0.0000       0.0000       1.0000       0.0000
-2.64e+26       1.0000       0.9977       1.0120       1.0000       2.5128       2.4830       0.0000       1.0000       0.0000       0.0000       1.0000       0.0000
-2.64e+26       1.0000       0.9976       1.0127       1.0000       2.6009       2.5684       0.0000       1.0000       0.0000       0.0000       1.0000       0.0000
-2.77e+26       1.0000       0.9975       1.0134       1.0000       2.6891       2.6536       0.0000       1.0000       0.0000       0.0000       1.0000       0.0000
-2.91e+26       1.0000       0.9974       1.0141       1.0000       2.7817       2.7431       0.0000       1.0000       0.0000       0.0000       1.0000       0.0000
-3.06e+26       1.0000       0.9974       1.0148       1.0000       2.8789       2.8369       0.0000       1.0000       0.0000       0.0000       1.0000       0.0000
-3.06e+26       1.0000       0.9973       1.0156       1.0000       2.9811       2.9352       0.0000       1.0000       0.0000       0.0000       1.0000       0.0000
-3.21e+26       1.0000       0.9972       1.0164       1.0000       3.0833       3.0335       0.0000       1.0000       0.0000       0.0000       1.0000       0.0000
-3.37e+26       1.0000       0.9971       1.0172       1.0000       3.1906       3.1366       0.0000       1.0000       0.0000       0.0000       1.0000       0.0000
-3.37e+26       1.0000       0.9970       1.0181       1.0000       3.3034       3.2448       0.0000       1.0000       0.0000       0.0000       1.0000       0.0000
-3.54e+26       1.0000       0.9969       1.0189       1.0000       3.4162       3.3528       0.0000       1.0000       0.0000       0.0000       1.0000       0.0000
-3.72e+26       1.0000       0.9968       1.0198       1.0000       3.5346       3.4662       0.0000       1.0000       0.0000       0.0000       1.0000       0.0000
-3.72e+26       1.0000       0.9968       1.0207       1.0000       3.6590       3.5850       0.0000       1.0000       0.0000       0.0000       1.0000       0.0000
-3.90e+26       1.0000       0.9967       1.0216       1.0000       3.7835       3.7037       0.0000       1.0000       0.0000       0.0000       1.0000       0.0000
-4.10e+26       1.0000       0.9966       1.0225       1.0000       3.9142       3.8281       0.0000       1.0000       0.0000       0.0000       1.0000       0.0000
-4.10e+26       1.0000       0.9965       1.0235       1.0000       4.0516       3.9585       0.0000       1.0000       0.0000       0.0000       1.0000       0.0000
-4.30e+26       1.0000       0.9964       1.0245       1.0000       4.1889       4.0888       0.0000       1.0000       0.0000       0.0000       1.0000       0.0000
-4.52e+26       1.0000       0.9963       1.0255       1.0000       4.3332       4.2254       0.0000       1.0000       0.0000       0.0000       1.0000       0.0000
-4.74e+26       1.0000       0.9962       1.0266       1.0000       4.4848       4.3685       0.0000       1.0000       0.0000       0.0000       1.0000       0.0000
-4.74e+26       1.0000       0.9962       1.0278       1.0000       4.6440       4.5186       0.0000       1.0000       0.0000       0.0000       1.0000       0.0000
-4.98e+26       1.0000       0.9961       1.0289       1.0000       4.8032       4.6684       0.0000       1.0000       0.0000       0.0000       1.0000       0.0000
-5.23e+26       1.0000       0.9960       1.0301       1.0000       4.9705       4.8254       0.0000       1.0000       0.0000       0.0000       1.0000       0.0000
-5.23e+26       1.0000       0.9959       1.0313       1.0000       5.1462       4.9899       0.0000       1.0000       0.0000       0.0000       1.0000       0.0000
-5.49e+26       1.0000       0.9958       1.0326       1.0000       5.3219       5.1542       0.0000       1.0000       0.0000       0.0000       1.0000       0.0000
-5.76e+26       1.0000       0.9957       1.0338       1.0000       5.5065       5.3263       0.0000       1.0000       0.0000       0.0000       1.0000       0.0000
-5.76e+26       1.0000       0.9956       1.0352       1.0000       5.7004       5.5066       0.0000       1.0000       0.0000       0.0000       1.0000       0.0000
-6.05e+26       1.0000       0.9955       1.0429       1.0000       5.8944       5.6520       0.0000       1.0000       0.0000       0.0000       1.0000       0.0000
-6.35e+26       1.0000       0.9955       1.0508       1.0000       6.0981       5.8035       0.0000       1.0000       0.0000       0.0000       1.0000       0.0000
-6.35e+26       1.0000       0.9954       1.0589       1.0000       6.3121       5.9612       0.0000       1.0000       0.0000       0.0000       1.0000       0.0000
-6.67e+26       1.0000       0.9953       1.0668       1.0000       6.5262       6.1176       0.0000       1.0000       0.0000       0.0000       1.0000       0.0000
-7.01e+26       1.0000       0.9952       1.0749       1.0000       6.7511       6.2804       0.0000       1.0000       0.0000       0.0000       1.0000       0.0000
-7.36e+26       1.0000       0.9951       1.0833       1.0000       6.9873       6.4500       0.0000       1.0000       0.0000       0.0000       1.0000       0.0000
-7.36e+26       1.0000       0.9950       1.0919       1.0000       7.2353       6.6266       0.0000       1.0000       0.0000       0.0000       1.0000       0.0000
-7.72e+26       1.0000       0.9949       1.1002       1.0000       7.4835       6.8017       0.0000       1.0000       0.0000       0.0000       1.0000       0.0000
-8.11e+26       1.0000       0.9948       1.1088       1.0000       7.7442       6.9841       0.0000       1.0000       0.0000       0.0000       1.0000       0.0000
-8.11e+26       1.0000       0.9947       1.1177       1.0000       8.0180       7.1739       0.0000       1.0000       0.0000       0.0000       1.0000       0.0000
-8.52e+26       1.0000       0.9946       1.1263       1.0000       8.2919       7.3622       0.0000       1.0000       0.0000       0.0000       1.0000       0.0000
-8.94e+26       1.0000       0.9945       1.1351       1.0000       8.5797       7.5583       0.0000       1.0000       0.0000       0.0000       1.0000       0.0000
-8.94e+26       1.0000       0.9944       1.1442       1.0000       8.8819       7.7625       0.0000       1.0000       0.0000       0.0000       1.0000       0.0000
-9.39e+26       1.0000       0.9943       1.1531       1.0000       9.1842       7.9650       0.0000       1.0000       0.0000       0.0000       1.0000       0.0000
-9.86e+26       1.0000       0.9943       1.1622       1.0000       9.5018       8.1759       0.0000       1.0000       0.0000       0.0000       1.0000       0.0000
-9.86e+26       1.0000       0.9942       1.1787       1.0000       9.8354       8.3443       0.0000       0.2955       0.7045       0.0000       1.0000       0.0000
-1.04e+27       1.0000       0.9941       1.1949       1.0000      10.1691       8.5106       0.0000       0.3020       0.6980       0.0000       1.0000       0.0000
-1.09e+27       1.0000       0.9940       1.2115       1.0000      10.5197       8.6830       0.0000       0.3083       0.6917       0.0000       1.0000       0.0000
-1.09e+27       1.0000       0.9939       1.2287       1.0000      10.8879       8.8615       0.0000       0.3149       0.6851       0.0000       1.0000       0.0000
-1.14e+27       1.0000       0.9938       1.2455       1.0000      11.2563       9.0377       0.0000       0.3217       0.6783       0.0000       1.0000       0.0000
-1.20e+27       1.0000       0.9937       1.2628       1.0000      11.6432       9.2204       0.0000       0.3285       0.6715       0.0000       1.0000       0.0000
-1.26e+27       1.0000       0.9935       1.2806       1.0000      12.0497       9.4096       0.0000       0.3355       0.6645       0.0000       1.0000       0.0000
-1.26e+27       1.0000       0.9934       1.2989       1.0000      12.4767       9.6056       0.0000       0.3427       0.6573       0.0000       1.0000       0.0000
-1.32e+27       1.0000       0.9933       1.3169       1.0000      12.9038       9.7990       0.0000       0.3502       0.6498       0.0000       1.0000       0.0000
-1.39e+27       1.0000       0.9932       1.3354       1.0000      13.3525       9.9992       0.0000       0.0633       0.9367       0.0000       1.0000       0.0000
-1.39e+27       1.0000       0.9931       1.3544       1.0000      13.8239      10.2065       0.0000       0.0647       0.9353       0.0000       1.0000       0.0000
-1.46e+27       1.0000       0.9930       1.3731       1.0000      14.2955      10.4111       0.0000       0.0661       0.9339       0.0000       1.0000       0.0000
-1.53e+27       1.0000       0.9929       1.3923       1.0000      14.7909      10.6232       0.0000       0.0675       0.9325       0.0000       1.0000       0.0000
-1.53e+27       1.0000       0.9928       1.4121       1.0000      15.3112      10.8428       0.0000       0.0689       0.9311       0.0000       1.0000       0.0000
-1.61e+27       1.0000       0.9926       1.4315       1.0000      15.8319      11.0597       0.0000       0.0704       0.9296       0.0000       1.0000       0.0000
-1.69e+27       1.0000       0.9925       1.4515       1.0000      16.3788      11.2843       0.0000       0.0719       0.9281       0.0000       1.0000       0.0000
-1.69e+27       1.0000       0.9924       1.4720       1.0000      16.9533      11.5171       0.0000       0.0735       0.9265       0.0000       1.0000       0.0000
-1.77e+27       1.0000       0.9923       1.4922       1.0000      17.5281      11.7468       0.0000       0.0183       0.9817       0.0000       1.0000       0.0000
-1.86e+27       1.0000       0.9922       1.5129       1.0000      18.1320      11.9849       0.0000       0.0187       0.9813       0.0000       1.0000       0.0000
-1.95e+27       1.0000       0.9920       1.5343       1.0000      18.7664      12.2316       0.0000       0.0191       0.9809       0.0000       1.0000       0.0000
-1.95e+27       1.0000       0.9919       1.5562       1.0000      19.4328      12.4871       0.0000       0.0195       0.9805       0.0000       1.0000       0.0000
-2.05e+27       1.0000       0.9918       1.5778       1.0000      20.0996      12.7392       0.0000       0.0200       0.9800       0.0000       1.0000       0.0000
-2.15e+27       1.0000       0.9916       1.5999       1.0000      20.8001      13.0005       0.0000       0.0204       0.9796       0.0000       1.0000       0.0000
-2.15e+27       1.0000       0.9915       1.6228       1.0000      21.5360      13.2712       0.0000       0.0208       0.9792       0.0000       1.0000       0.0000
-2.26e+27       1.0000       0.9914       1.6451       1.0000      22.2723      13.5384       0.0000       0.0213       0.9787       0.0000       1.0000       0.0000
-2.37e+27       1.0000       0.9912       1.6681       1.0000      23.0458      13.8153       0.0000       0.0097       0.9903       0.0000       1.0000       0.0000
-2.37e+27       1.0000       0.9911       1.6918       1.0000      23.8584      14.1021       0.0000       0.0099       0.9901       0.0000       1.0000       0.0000
-2.49e+27       1.0000       0.9909       1.7151       1.0000      24.6716      14.3852       0.0000       0.0102       0.9898       0.0000       1.0000       0.0000
-2.62e+27       1.0000       0.9908       1.7390       1.0000      25.5258      14.6786       0.0000       0.0104       0.9896       0.0000       1.0000       0.0000
-2.62e+27       1.0000       0.9907       1.7636       1.0000      26.4233      14.9826       0.0000       0.0106       0.9894       0.0000       1.0000       0.0000
-2.75e+27       1.0000       0.9905       1.7877       1.0000      27.3213      15.2827       0.0000       0.0108       0.9892       0.0000       1.0000       0.0000
-2.88e+27       1.0000       0.9904       1.8126       1.0000      28.2648      15.5937       0.0000       0.0111       0.9889       0.0000       1.0000       0.0000
-2.88e+27       1.0000       0.9902       1.8382       1.0000      29.2560      15.9160       0.0000       0.0113       0.9887       0.0000       1.0000       0.0000
-3.03e+27       1.0000       0.9901       1.8632       1.0000      30.2479      16.2341       0.0000       0.0115       0.9885       0.0000       1.0000       0.0000
-3.18e+27       1.0000       0.9899       1.8891       1.0000      31.2899      16.5638       0.0000       0.0092       0.9908       0.0000       1.0000       0.0000
-3.34e+27       1.0000       0.9898       1.9157       1.0000      32.3848      16.9054       0.0000       0.0094       0.9906       0.0000       1.0000       0.0000
-3.34e+27       1.0000       0.9896       1.9430       1.0000      33.5351      17.2593       0.0000       0.0096       0.9904       0.0000       1.0000       0.0000
-3.51e+27       1.0000       0.9894       1.9698       1.0000      34.6862      17.6087       0.0000       0.0098       0.9902       0.0000       1.0000       0.0000
-3.68e+27       1.0000       0.9893       1.9975       1.0000      35.8956      17.9707       0.0000       0.0100       0.9900       0.0000       1.0000       0.0000
-3.68e+27       1.0000       0.9891       2.0259       1.0000      37.1663      18.3458       0.0000       0.0103       0.9897       0.0000       1.0000       0.0000
-3.86e+27       1.0000       0.9889       2.0537       1.0000      38.4379      18.7161       0.0000       0.0105       0.9895       0.0000       1.0000       0.0000
-4.06e+27       1.0000       0.9888       2.0824       1.0000      39.7740      19.0998       0.0000       0.0107       0.9893       0.0000       1.0000       0.0000
-4.06e+27       1.0000       0.9886       2.1120       1.0000      41.1778      19.4974       0.0000       0.0122       0.9878       0.0000       1.0000       0.0000
-4.26e+27       1.0000       0.9884       2.1409       1.0000      42.5827      19.8900       0.0000       0.0124       0.9876       0.0000       1.0000       0.0000
-4.47e+27       1.0000       0.9882       2.1707       1.0000      44.0588      20.2968       0.0000       0.0127       0.9873       0.0000       1.0000       0.0000
-4.47e+27       1.0000       0.9880       2.2014       1.0000      45.6098      20.7183       0.0000       0.0130       0.9870       0.0000       1.0000       0.0000
-4.70e+27       1.0000       0.9879       2.2315       1.0000      47.1620      21.1345       0.0000       0.0132       0.9868       0.0000       1.0000       0.0000
-4.93e+27       1.0000       0.9877       2.2625       1.0000      48.7929      21.5658       0.0000       0.0135       0.9865       0.0000       1.0000       0.0000
-4.93e+27       1.0000       0.9875       2.2944       1.0000      50.5067      22.0128       0.0000       0.0048       0.9952       0.0000       1.0000       0.0000
-5.18e+27       0.9999       0.9873       2.3257       1.0000      52.2218      22.4541       0.0000       0.0049       0.9951       0.0000       1.0000       0.0000
-5.44e+27       0.9999       0.9871       2.3579       1.0000      54.0240      22.9116       0.0000       0.0059       0.9941       0.0000       1.0000       0.0000
-5.44e+27       0.9999       0.9869       2.3911       1.0000      55.9178      23.3856       0.0000       0.0060       0.9940       0.0000       1.0000       0.0000
-5.71e+27       0.9999       0.9867       2.4237       1.0000      57.8131      23.8537       0.0000       0.0062       0.9938       0.0000       1.0000       0.0000
-6.00e+27       0.9999       0.9865       2.4572       1.0000      59.8047      24.3389       0.0000       0.0063       0.9937       0.0000       1.0000       0.0000
-6.30e+27       0.9999       0.9863       2.4917       1.0000      61.8976      24.8417       0.0000       0.0064       0.9936       0.0000       1.0000       0.0000
-6.30e+27       0.9999       0.9861       2.5272       1.0000      64.0970      25.3627       0.0000       0.0066       0.9934       0.0000       1.0000       0.0000
-6.61e+27       0.9999       0.9859       2.5620       1.0000      66.2982      25.8771       0.0000       0.0067       0.9933       0.0000       1.0000       0.0000
-6.94e+27       0.9999       0.9857       2.5979       1.0000      68.6114      26.4103       0.0000       0.0068       0.9932       0.0000       1.0000       0.0000
-6.94e+27       0.9999       0.9855       2.6348       1.0000      71.0424      26.9627       0.0000       0.0085       0.9915       0.0000       1.0000       0.0000
-7.29e+27       0.9999       0.9853       2.6710       1.0000      73.4755      27.5082       0.0000       0.0087       0.9913       0.0000       1.0000       0.0000
-7.65e+27       0.9999       0.9850       2.7083       1.0000      76.0325      28.0736       0.0000       0.0089       0.9911       0.0000       1.0000       0.0000
-7.65e+27       0.9999       0.9848       2.7467       1.0000      78.7198      28.6595       0.0000       0.0090       0.9910       0.0000       1.0000       0.0000
-8.03e+27       0.9999       0.9846       2.7844       1.0000      81.4095      29.2381       0.0000       0.0092       0.9908       0.0000       1.0000       0.0000
-8.44e+27       0.9999       0.9844       2.8231       1.0000      84.2363      29.8378       0.0000       0.0094       0.9906       0.0000       1.0000       0.0000
-8.44e+27       0.9999       0.9841       2.8631       1.0000      87.2071      30.4593       0.0000       0.0096       0.9904       0.0000       1.0000       0.0000
-8.86e+27       0.9999       0.9839       2.9022       1.0000      90.1809      31.0731       0.0000       0.0098       0.9902       0.0000       1.0000       0.0000
-9.30e+27       0.9999       0.9837       2.9426       1.0000      93.3062      31.7093       0.0000       0.0100       0.9900       0.0000       1.0000       0.0000
-9.30e+27       0.9999       0.9834       2.9841       1.0000      96.5910      32.3687       0.0000       0.0115       0.9885       0.0000       1.0000       0.0000
-9.77e+27       0.9999       0.9832       3.0248       1.0000      99.8790      33.0199       0.0000       0.0118       0.9882       0.0000       1.0000       0.0000
-1.03e+28       0.9999       0.9829       3.0668       1.0000     103.3348      33.6950       0.0000       0.0120       0.9880       0.0000       1.0000       0.0000
-1.03e+28       0.9999       0.9827       3.1100       1.0000     106.9670      34.3947       0.0000       0.0123       0.9877       0.0000       1.0000       0.0000
-1.08e+28       0.9999       0.9824       3.1524       1.0000     110.6030      35.0858       0.0000       0.0125       0.9875       0.0000       1.0000       0.0000
-1.13e+28       0.9999       0.9822       3.1960       1.0000     114.4247      35.8023       0.0000       0.0128       0.9872       0.0000       1.0000       0.0000
-1.13e+28       0.9999       0.9819       3.2410       1.0000     118.4417      36.5449       0.0000       0.0131       0.9869       0.0000       1.0000       0.0000
-1.19e+28       0.9999       0.9816       3.2851       1.0000     122.4629      37.2784       0.0000       0.0133       0.9867       0.0000       1.0000       0.0000
-1.25e+28       0.9999       0.9814       3.3305       1.0000     126.6897      38.0389       0.0000       0.0143       0.9857       0.0000       1.0000       0.0000
-1.25e+28       0.9999       0.9811       3.3773       1.0000     131.1327      38.8272       0.0000       0.0146       0.9854       0.0000       1.0000       0.0000
-1.31e+28       0.9999       0.9808       3.4232       1.0000     135.5806      39.6059       0.0000       0.0149       0.9851       0.0000       1.0000       0.0000
-1.37e+28       0.9999       0.9805       3.4705       1.0000     140.2561      40.4132       0.0000       0.0153       0.9847       0.0000       1.0000       0.0000
-1.37e+28       0.9999       0.9803       3.5193       1.0000     145.1708      41.2502       0.0000       0.0156       0.9844       0.0000       1.0000       0.0000
-1.44e+28       0.9999       0.9800       3.5671       1.0000     150.0913      42.0769       0.0000       0.0159       0.9841       0.0000       1.0000       0.0000
-1.52e+28       0.9999       0.9797       3.6163       1.0000     155.2637      42.9342       0.0000       0.0162       0.9838       0.0000       1.0000       0.0000
-1.52e+28       0.9998       0.9794       3.6671       1.0000     160.7012      43.8229       0.0000       0.0166       0.9834       0.0000       1.0000       0.0000
-1.59e+28       0.9998       0.9791       3.7168       1.0000     166.1452      44.7008       0.0000       0.0169       0.9831       0.0000       1.0000       0.0000
-1.67e+28       0.9998       0.9788       3.7681       1.0000     171.8682      45.6111       0.0000       0.0172       0.9828       0.0000       1.0000       0.0000
-1.67e+28       0.9998       0.9785       3.8210       1.0000     177.8846      46.5550       0.0000       0.0176       0.9824       0.0000       1.0000       0.0000
-1.75e+28       0.9998       0.9782       3.8728       1.0000     183.9087      47.4874       0.0000       0.0180       0.9820       0.0000       1.0000       0.0000
-1.84e+28       0.9998       0.9779       3.9262       1.0000     190.2418      48.4543       0.0000       0.0183       0.9817       0.0000       1.0000       0.0000
-1.93e+28       0.9998       0.9776       3.9812       1.0000     196.9000      49.4568       0.0000       0.0187       0.9813       0.0000       1.0000       0.0000
-1.93e+28       0.9998       0.9772       4.0379       1.0000     203.9003      50.4960       0.0000       0.0191       0.9809       0.0000       1.0000       0.0000
-2.03e+28       0.9998       0.9769       4.0935       1.0000     210.9100      51.5226       0.0000       0.0195       0.9805       0.0000       1.0000       0.0000
-2.13e+28       0.9998       0.9766       4.1508       1.0000     218.2799      52.5870       0.0000       0.0200       0.9800       0.0000       1.0000       0.0000
-2.13e+28       0.9998       0.9762       4.2098       1.0000     226.0289      53.6905       0.0000       0.0202       0.9798       0.0000       1.0000       0.0000
-2.24e+28       0.9998       0.9759       4.2677       1.0000     233.7888      54.7806       0.0000       0.0207       0.9793       0.0000       1.0000       0.0000
-2.35e+28       0.9998       0.9755       4.3274       1.0000     241.9479      55.9110       0.0000       0.0211       0.9789       0.0000       1.0000       0.0000
-2.35e+28       0.9998       0.9752       4.3888       1.0000     250.5270      57.0830       0.0000       0.0216       0.9784       0.0000       1.0000       0.0000
-2.47e+28       0.9998       0.9748       4.4491       1.0000     259.1187      58.2408       0.0000       0.0220       0.9780       0.0000       1.0000       0.0000
-2.59e+28       0.9997       0.9745       4.5112       1.0000     268.1529      59.4415       0.0000       0.0225       0.9775       0.0000       1.0000       0.0000
-2.59e+28       0.9997       0.9741       4.5752       1.0000     277.6528      60.6864       0.0000       0.0230       0.9770       0.0000       1.0000       0.0000
-2.72e+28       0.9997       0.9737       4.6380       1.0000     287.1671      61.9164       0.0000       0.0235       0.9765       0.0000       1.0000       0.0000
-2.86e+28       0.9997       0.9734       4.7027       1.0000     297.1720      63.1921       0.0000       0.0218       0.9782       0.0000       1.0000       0.0000
-2.86e+28       0.9997       0.9730       4.7693       1.0000     307.6932      64.5148       0.0000       0.0222       0.9778       0.0000       1.0000       0.0000
-3.00e+28       0.9997       0.9726       4.8347       1.0000     318.2310      65.8217       0.0000       0.0227       0.9773       0.0000       1.0000       0.0000
-3.15e+28       0.9997       0.9722       4.9021       1.0000     329.3129      67.1773       0.0000       0.0232       0.9768       0.0000       1.0000       0.0000
-3.15e+28       0.9997       0.9718       4.9716       1.0000     340.9674      68.5830       0.0000       0.0237       0.9763       0.0000       1.0000       0.0000
-3.31e+28       0.9997       0.9714       5.0397       1.0000     352.6411      69.9719       0.0000       0.0242       0.9758       0.0000       1.0000       0.0000
-3.47e+28       0.9997       0.9710       5.1100       1.0000     364.9182      71.4126       0.0000       0.0247       0.9753       0.0000       1.0000       0.0000
-3.47e+28       0.9996       0.9706       5.1823       1.0000     377.8306      72.9068       0.0000       0.0252       0.9748       0.0000       1.0000       0.0000
-3.65e+28       0.9996       0.9702       5.2534       1.0000     390.7650      74.3832       0.0000       0.0258       0.9742       0.0000       1.0000       0.0000
-3.83e+28       0.9996       0.9697       5.3266       1.0000     404.3690      75.9148       0.0000       0.0237       0.9763       0.0000       1.0000       0.0000
-3.83e+28       0.9996       0.9693       5.4020       1.0000     418.6778      77.5032       0.0000       0.0242       0.9758       0.0000       1.0000       0.0000
-4.02e+28       0.9996       0.9689       5.4761       1.0000     433.0120      79.0730       0.0000       0.0248       0.9752       0.0000       1.0000       0.0000
-4.22e+28       0.9996       0.9685       5.5524       1.0000     448.0893      80.7014       0.0000       0.0253       0.9747       0.0000       1.0000       0.0000
-4.22e+28       0.9996       0.9680       5.6310       1.0000     463.9489      82.3905       0.0000       0.0258       0.9742       0.0000       1.0000       0.0000
-4.43e+28       0.9996       0.9676       5.7082       1.0000     479.8378      84.0598       0.0000       0.0264       0.9736       0.0000       1.0000       0.0000
-4.65e+28       0.9995       0.9671       5.7878       1.0000     496.5515      85.7916       0.0000       0.0269       0.9731       0.0000       1.0000       0.0000
-4.65e+28       0.9995       0.9666       5.8698       1.0000     514.1338      87.5880       0.0000       0.0275       0.9725       0.0000       1.0000       0.0000
-4.89e+28       0.9995       0.9662       5.9503       1.0000     531.7500      89.3635       0.0000       0.0231       0.9769       0.0000       1.0000       0.0000
-5.13e+28       0.9995       0.9657       6.0333       1.0000     550.2819      91.2056       0.0000       0.0235       0.9765       0.0000       1.0000       0.0000
-5.13e+28       0.9995       0.9652       6.1189       1.0000     569.7784      93.1165       0.0000       0.0240       0.9760       0.0000       1.0000       0.0000
-5.39e+28       0.9995       0.9647       6.2029       1.0000     589.3140      95.0054       0.0000       0.0246       0.9754       0.0000       1.0000       0.0000
-5.66e+28       0.9994       0.9642       6.2894       1.0000     609.8667      96.9653       0.0000       0.0251       0.9749       0.0000       1.0000       0.0000
-5.66e+28       0.9994       0.9637       6.3787       1.0000     631.4909      98.9985       0.0000       0.0256       0.9744       0.0000       1.0000       0.0000
-5.94e+28       0.9994       0.9632       6.4663       1.0000     653.1603     101.0084       0.0000       0.0262       0.9738       0.0000       1.0000       0.0000
-6.24e+28       0.9994       0.9627       6.5566       1.0000     675.9598     103.0939       0.0000       0.0267       0.9733       0.0000       1.0000       0.0000
-6.24e+28       0.9994       0.9622       6.6498       1.0000     699.9499     105.2577       0.0000       0.0215       0.9785       0.0000       1.0000       0.0000
-6.55e+28       0.9993       0.9617       6.7412       1.0000     723.9922     107.3968       0.0000       0.0219       0.9781       0.0000       1.0000       0.0000
-6.88e+28       0.9993       0.9611       6.8354       1.0000     749.2906     109.6166       0.0000       0.0224       0.9776       0.0000       1.0000       0.0000
-6.88e+28       0.9993       0.9606       6.9326       1.0000     775.9123     111.9198       0.0000       0.0229       0.9771       0.0000       1.0000       0.0000
-7.22e+28       0.9993       0.9601       7.0280       1.0000     802.5943     114.1969       0.0000       0.0234       0.9766       0.0000       1.0000       0.0000
-7.58e+28       0.9993       0.9595       7.1264       1.0000     830.6728     116.5600       0.0000       0.0239       0.9761       0.0000       1.0000       0.0000
-7.58e+28       0.9992       0.9589       7.2279       1.0000     860.2227     119.0122       0.0000       0.0244       0.9756       0.0000       1.0000       0.0000
-7.96e+28       0.9992       0.9584       7.3275       1.0000     889.8425     121.4367       0.0000       0.0249       0.9751       0.0000       1.0000       0.0000
-7.96e+28       0.9992       0.9578       7.4302       1.0000     921.0153     123.9532       0.0000       0.0201       0.9799       0.0000       1.0000       0.0000
-8.36e+28       0.9991       0.9572       7.5311       1.0000     952.2625     126.4418       0.0000       0.0205       0.9795       0.0000       1.0000       0.0000
-8.77e+28       0.9991       0.9566       7.6351       1.0000     985.1489     129.0253       0.0000       0.0210       0.9790       0.0000       1.0000       0.0000
-8.77e+28       0.9991       0.9560       7.7425       1.0000    1019.7631     131.7068       0.0000       0.0214       0.9786       0.0000       1.0000       0.0000
-9.21e+28       0.9991       0.9554       7.8479       1.0000    1054.4635     134.3590       0.0000       0.0219       0.9781       0.0000       1.0000       0.0000
-9.67e+28       0.9990       0.9548       7.9567       1.0000    1090.9878     137.1123       0.0000       0.0223       0.9777       0.0000       1.0000       0.0000
-9.67e+28       0.9990       0.9542       8.0689       1.0000    1129.4350     139.9704       0.0000       0.0228       0.9772       0.0000       1.0000       0.0000
-1.02e+29       0.9990       0.9536       8.1791       1.0000    1167.9820     142.7972       0.0000       0.0233       0.9767       0.0000       1.0000       0.0000
-1.07e+29       0.9989       0.9530       8.2928       1.0000    1208.5594     145.7322       0.0000       0.0238       0.9762       0.0000       1.0000       0.0000
-1.07e+29       0.9989       0.9523       8.4101       1.0000    1251.2776     148.7790       0.0000       0.0230       0.9770       0.0000       1.0000       0.0000
-1.12e+29       0.9989       0.9517       8.5253       1.0000    1294.1114     151.7927       0.0000       0.0235       0.9765       0.0000       1.0000       0.0000
-1.18e+29       0.9988       0.9510       8.6442       1.0000    1339.2064     154.9219       0.0000       0.0240       0.9760       0.0000       1.0000       0.0000
-1.18e+29       0.9988       0.9503       8.7668       1.0000    1386.6858     158.1704       0.0000       0.0245       0.9755       0.0000       1.0000       0.0000
-1.23e+29       0.9987       0.9497       8.8872       1.0000    1434.2992     161.3840       0.0000       0.0250       0.9750       0.0000       1.0000       0.0000
-1.30e+29       0.9987       0.9490       9.0115       1.0000    1484.4318     164.7210       0.0000       0.0255       0.9745       0.0000       1.0000       0.0000
-1.30e+29       0.9987       0.9483       9.1397       1.0000    1537.2213     168.1855       0.0000       0.0261       0.9739       0.0000       1.0000       0.0000
-1.36e+29       0.9986       0.9476       9.2657       1.0000    1590.1663     171.6130       0.0000       0.0267       0.9733       0.0000       1.0000       0.0000
-1.36e+29       0.9986       0.9469       9.3957       1.0000    1645.9190     175.1724       0.0000       0.0318       0.9682       0.0000       1.0000       0.0000
-1.43e+29       0.9985       0.9462       9.5234       1.0000    1701.8378     178.6945       0.0000       0.0325       0.9675       0.0000       1.0000       0.0000
-1.50e+29       0.9985       0.9454       9.6552       1.0000    1760.7242     182.3528       0.0000       0.0332       0.9668       0.0000       1.0000       0.0000
-1.50e+29       0.9984       0.9447       9.7913       1.0000    1822.7414     186.1521       0.0000       0.0339       0.9661       0.0000       1.0000       0.0000
-1.58e+29       0.9984       0.9440       9.9250       1.0000    1884.9513     189.9119       0.0000       0.0346       0.9654       0.0000       1.0000       0.0000
-1.65e+29       0.9983       0.9432      10.0631       1.0000    1950.4711     193.8175       0.0000       0.0353       0.9647       0.0000       1.0000       0.0000
-1.65e+29       0.9983       0.9424      10.2055       1.0000    2019.4834     197.8738       0.0000       0.0361       0.9639       0.0000       1.0000       0.0000
-1.74e+29       0.9982       0.9417      10.3455       1.0000    2088.7196     201.8881       0.0000       0.0369       0.9631       0.0000       1.0000       0.0000
-1.82e+29       0.9982       0.9409      10.4900       1.0000    2161.6492     206.0584       0.0000       0.0471       0.9529       0.0000       1.0000       0.0000
-1.82e+29       0.9981       0.9401      10.6392       1.0000    2238.4768     210.3900       0.0000       0.0481       0.9519       0.0000       1.0000       0.0000
-1.92e+29       0.9980       0.9393      10.7858       1.0000    2315.5647     214.6772       0.0000       0.0491       0.9509       0.0000       1.0000       0.0000
-1.92e+29       0.9980       0.9385      10.9371       1.0000    2396.7761     219.1312       0.0000       0.0501       0.9499       0.0000       1.0000       0.0000
-2.01e+29       0.9979       0.9377      11.0859       1.0000    2478.2660     223.5405       0.0000       0.0512       0.9488       0.0000       1.0000       0.0000
-2.11e+29       0.9978       0.9368      11.2396       1.0000    2564.1184     228.1224       0.0000       0.0523       0.9477       0.0000       1.0000       0.0000
-2.11e+29       0.9978       0.9360      11.3982       1.0000    2654.5766     232.8829       0.0000       0.0534       0.9466       0.0000       1.0000       0.0000
-2.22e+29       0.9977       0.9351      11.5542       1.0000    2745.3588     237.5959       0.0000       0.0545       0.9455       0.0000       1.0000       0.0000
-2.33e+29       0.9976       0.9343      11.7152       1.0000    2841.0155     242.4937       0.0000       0.0557       0.9443       0.0000       1.0000       0.0000
-2.33e+29       0.9975       0.9334      11.8815       1.0000    2941.8194     247.5829       0.0000       0.0695       0.9305       0.0000       1.0000       0.0000
-2.44e+29       0.9975       0.9325      12.0450       1.0000    3043.0006     252.6217       0.0000       0.0710       0.9290       0.0000       1.0000       0.0000
-2.44e+29       0.9974       0.9316      12.2139       1.0000    3149.6312     257.8585       0.0000       0.0725       0.9275       0.0000       1.0000       0.0000
-2.57e+29       0.9973       0.9307      12.3800       1.0000    3256.6661     263.0447       0.0000       0.0740       0.9260       0.0000       1.0000       0.0000
-2.70e+29       0.9972       0.9298      12.5515       1.0000    3369.4710     268.4357       0.0000       0.0756       0.9244       0.0000       1.0000       0.0000
-2.70e+29       0.9971       0.9289      12.7287       1.0000    3488.3713     274.0388       0.0000       0.0771       0.9229       0.0000       1.0000       0.0000
-2.83e+29       0.9970       0.9279      12.9030       1.0000    3607.7428     279.5882       0.0000       0.0788       0.9212       0.0000       1.0000       0.0000
-2.97e+29       0.9969       0.9270      13.0830       1.0000    3733.5707     285.3573       0.0000       0.0805       0.9195       0.0000       1.0000       0.0000
-2.97e+29       0.9968       0.9260      13.2690       1.0000    3866.2206     291.3539       0.0000       0.0941       0.9059       0.0000       1.0000       0.0000
-3.12e+29       0.9967       0.9251      13.4519       1.0000    3999.4202     297.2934       0.0000       0.0962       0.9038       0.0000       1.0000       0.0000
-3.12e+29       0.9966       0.9241      13.6409       1.0000    4139.8488     303.4686       0.0000       0.0982       0.9018       0.0000       1.0000       0.0000
-3.28e+29       0.9965       0.9231      13.8268       1.0000    4280.8670     309.5863       0.0000       0.1003       0.8997       0.0000       1.0000       0.0000
-3.44e+29       0.9964       0.9221      14.0189       1.0000    4429.5468     315.9479       0.0000       0.1024       0.8976       0.0000       1.0000       0.0000
-3.44e+29       0.9963       0.9210      14.2174       1.0000    4586.3252     322.5624       0.0000       0.1045       0.8955       0.0000       1.0000       0.0000
-3.61e+29       0.9962       0.9200      14.4127       1.0000    4743.7923     329.1160       0.0000       0.1068       0.8932       0.0001       1.0000       0.0001
-3.61e+29       0.9961       0.9190      14.6145       1.0000    4909.8461     335.9314       0.0000       0.1090       0.8910       0.0001       1.0000       0.0001
-3.79e+29       0.9959       0.9179      14.8132       1.0000    5076.6395     342.6853       0.0000       0.1199       0.8801       0.0001       1.0000       0.0001
-3.98e+29       0.9958       0.9169      15.0185       1.0000    5252.5389     349.7106       0.0000       0.1223       0.8777       0.0002       1.0000       0.0002
-3.98e+29       0.9957       0.9158      15.2307       1.0000    5438.0677     357.0172       0.0000       0.1249       0.8751       0.0003       1.0000       0.0003
-4.18e+29       0.9956       0.9147      15.4396       1.0000    5624.4615     364.2586       0.0000       0.1276       0.8724       0.0004       1.0000       0.0004
-4.39e+29       0.9954       0.9136      15.6555       1.0000    5821.0715     371.7914       0.0000       0.1303       0.8697       0.0006       1.0000       0.0006
-4.39e+29       0.9953       0.9125      15.8787       1.0000    6028.4884     379.6266       0.0000       0.1330       0.8670       0.0008       1.0000       0.0008
-4.61e+29       0.9951       0.9113      16.0983       1.0000    6236.9176     387.3926       0.0000       0.1359       0.8641       0.0012       1.0000       0.0012
-4.61e+29       0.9950       0.9102      16.3254       1.0000    6456.8177     395.4720       0.0000       0.1388       0.8612       0.0017       1.0000       0.0017
-4.84e+29       0.9948       0.9090      16.5489       1.0000    6677.8064     403.4817       0.0000       0.1418       0.8582       0.0024       1.0000       0.0024
-5.08e+29       0.9946       0.9079      16.7801       1.0000    6910.9734     411.8163       0.0000       0.1474       0.8526       0.0034       1.0000       0.0034
-5.08e+29       0.9945       0.9066      17.0191       1.0000    7157.0286     420.4881       0.0000       0.1505       0.8495       0.0048       1.0000       0.0048
-5.34e+29       0.9943       0.9055      17.2544       1.0000    7404.3597     429.0859       0.0000       0.1538       0.8462       0.0068       1.0000       0.0068
-5.34e+29       0.9941       0.9042      17.4978       1.0000    7665.3807     438.0333       0.0000       0.1570       0.8430       0.0096       1.0000       0.0096
-5.60e+29       0.9940       0.9030      17.7374       1.0000    7927.7752     446.9063       0.0000       0.1604       0.8396       0.0135       1.0000       0.0135
-5.88e+29       0.9938       0.9018      17.9853       1.0000    8204.7143     456.1420       0.0000       0.1637       0.8363       0.0189       1.0000       0.0189
-5.88e+29       0.9936       0.9005      18.2417       1.0000    8497.0537     465.7543       0.0000       0.1672       0.8328       0.0266       1.0000       0.0266
-6.18e+29       0.9934       0.8992      18.4941       1.0000    8791.0054     475.2875       0.0000       0.1708       0.8292       0.0369       1.0000       0.0369
-6.18e+29       0.9932       0.8979      18.7553       1.0000    9101.3278     485.2114       0.0000       0.1696       0.8304       0.0513       1.0000       0.0513
-6.49e+29       0.9930       0.8967      19.0126       1.0000    9413.3877     495.0558       0.0000       0.1733       0.8267       0.0701       1.0000       0.0701
-6.81e+29       0.9927       0.8953      19.2788       1.0000    9742.8540     505.3058       0.0000       0.1769       0.8231       0.0955       1.0000       0.0955
-6.81e+29       0.9925       0.8940      19.5542       1.0000   10090.7607     515.9769       0.0000       0.1806       0.8194       0.1296       1.0000       0.1296
-7.15e+29       0.9923       0.8926      19.8256       1.0000   10440.7103     526.5637       0.0000       0.1845       0.8155       0.1718       1.0000       0.1718
-7.15e+29       0.9920       0.8913      20.1063       1.0000   10810.2785     537.5879       0.0000       0.1884       0.8116       0.2251       1.0000       0.2251
-7.51e+29       0.9918       0.8899      20.3830       1.0000   11182.0505     548.5271       0.0000       0.1925       0.8075       0.2870       1.0000       0.2870
-7.51e+29       0.9916       0.8885      20.6693       1.0000   11574.7000     559.9206       0.0000       0.1965       0.8035       0.3592       1.0000       0.3592
-7.88e+29       0.9913       0.8871      20.9515       1.0000   11969.7283     571.2286       0.0000       0.1961       0.8039       0.4359       1.0000       0.4359
-8.28e+29       0.9910       0.8857      21.2437       1.0000   12386.9797     583.0084       0.0000       0.2001       0.7999       0.5170       1.0000       0.5170
-8.28e+29       0.9908       0.8842      21.5462       1.0000   12827.7915     595.2786       0.0000       0.2043       0.7957       0.5986       1.0000       0.5986
-8.69e+29       0.9905       0.8828      21.8443       1.0000   13271.4079     607.4582       0.0000       0.2087       0.7913       0.6726       1.0000       0.6726
-8.69e+29       0.9902       0.8813      22.1529       1.0000   13740.1197     620.1474       0.0000       0.2131       0.7869       0.7400       1.0000       0.7400
-9.13e+29       0.9899       0.8799      22.4572       1.0000   14211.8623     632.7455       0.0000       0.2177       0.7823       0.7960       1.0000       0.7960
-9.13e+29       0.9896       0.8783      22.7724       1.0000   14710.3428     645.8734       0.0000       0.2222       0.7778       0.8432       1.0000       0.8432
-9.58e+29       0.9893       0.8769      23.0831       1.0000   15212.1006     658.9095       0.0000       0.2269       0.7731       0.8801       1.0000       0.8801
-1.01e+30       0.9890       0.8753      23.4050       1.0000   15742.3545     672.4964       0.0000       0.2315       0.7685       0.9096       1.0000       0.9096
-1.01e+30       0.9886       0.8738      23.7384       1.0000   16302.8447     686.6562       0.0000       0.2227       0.7773       0.9328       1.0000       0.9328
-1.06e+30       0.9883       0.8722      24.0672       1.0000   16867.2093     700.7190       0.0000       0.2275       0.7725       0.9499       1.0000       0.9499
-1.06e+30       0.9879       0.8706      24.4078       1.0000   17463.8222     715.3778       0.0000       0.2322       0.7678       0.9630       1.0000       0.9630
-1.11e+30       0.9876       0.8690      24.7437       1.0000   18064.6297     729.9390       0.0000       0.2372       0.7628       0.9725       1.0000       0.9725
-1.11e+30       0.9872       0.8674      25.0919       1.0000   18699.8421     745.1204       0.0000       0.2421       0.7579       0.9797       1.0000       0.9797
-1.16e+30       0.9868       0.8658      25.4353       1.0000   19339.5988     760.2038       0.0000       0.2472       0.7528       0.9849       1.0000       0.9849
-1.22e+30       0.9864       0.8641      25.7913       1.0000   20016.0735     775.9326       0.0000       0.2523       0.7477       0.9889       1.0000       0.9889
-1.22e+30       0.9860       0.8624      26.1601       1.0000   20731.5445     792.3333       0.0000       0.0855       0.9145       0.9918       1.0000       0.9918
-1.28e+30       0.9856       0.8607      26.5240       1.0000   21452.4028     808.6305       0.0000       0.0853       0.9147       0.9939       1.0000       0.9939
-1.28e+30       0.9852       0.8590      26.9012       1.0000   22214.9131     825.6276       0.0000       0.0871       0.9129       0.9955       1.0000       0.9955
-1.35e+30       0.9848       0.8573      27.2735       1.0000   22983.2672     842.5209       0.0000       0.0890       0.9110       0.9967       1.0000       0.9967
-1.35e+30       0.9843       0.8555      27.6594       1.0000   23796.1257     860.1432       0.0000       0.0908       0.9092       0.9976       1.0000       0.9976
-1.42e+30       0.9839       0.8538      28.0404       1.0000   24615.3277     877.6615       0.0000       0.0928       0.9072       0.9982       1.0000       0.9982
-1.42e+30       0.9834       0.8520      28.4355       1.0000   25482.0992     895.9392       0.0000       0.0947       0.9053       0.9987       1.0000       0.9987
-1.49e+30       0.9829       0.8503      28.8255       1.0000   26355.7612     914.1128       0.0000       0.0967       0.9033       0.9990       1.0000       0.9990
-1.49e+30       0.9824       0.8484      29.2301       1.0000   27280.2883     933.0780       0.0000       0.0986       0.9014       0.9992       1.0000       0.9992
-1.56e+30       0.9819       0.8466      29.6297       1.0000   28212.3054     951.9388       0.0000       0.1050       0.8950       0.9994       1.0000       0.9994
-1.64e+30       0.9814       0.8448      30.0442       1.0000   29198.7326     971.6250       0.0000       0.1071       0.8929       0.9996       1.0000       0.9996
-1.64e+30       0.9808       0.8429      30.4741       1.0000   30243.0356     992.1719       0.0000       0.1094       0.8906       0.9997       1.0000       0.9997
-1.72e+30       0.9803       0.8410      30.8988       1.0000   31296.2631    1012.6093       0.0000       0.1117       0.8883       0.9998       1.0000       0.9998
-1.72e+30       0.9797       0.8391      31.3393       1.0000   32411.4604    1033.9447       0.0000       0.1140       0.8860       0.9998       1.0000       0.9998
-1.81e+30       0.9791       0.8371      31.7745       1.0000   33536.3724    1055.1709       0.0000       0.1164       0.8836       0.9999       1.0000       0.9999
-1.81e+30       0.9785       0.8352      32.2261       1.0000   34727.6663    1077.3342       0.0000       0.1189       0.8811       0.9999       1.0000       0.9999
-1.90e+30       0.9779       0.8332      32.6724       1.0000   35929.5428    1099.3888       0.0000       0.1214       0.8786       0.9999       1.0000       0.9999
-1.90e+30       0.9773       0.8312      33.1356       1.0000   37202.5590    1122.4218       0.0000       0.1239       0.8761       0.9999       1.0000       0.9999
-1.99e+30       0.9767       0.8292      33.5934       1.0000   38487.1116    1145.3465       0.0000       0.1384       0.8616       1.0000       1.0000       1.0000
-1.99e+30       0.9760       0.8272      34.0686       1.0000   39847.9378    1169.2932       0.0000       0.1412       0.8588       1.0000       1.0000       1.0000
-2.09e+30       0.9753       0.8252      34.5385       1.0000   41221.3494    1193.1321       0.0000       0.1442       0.8558       1.0000       1.0000       1.0000
-2.09e+30       0.9746       0.8231      35.0263       1.0000   42676.5777    1218.0390       0.0000       0.1471       0.8529       1.0000       1.0000       1.0000
-2.20e+30       0.9739       0.8210      35.5088       1.0000   44145.5461    1242.8390       0.0000       0.1502       0.8498       1.0000       1.0000       1.0000
-2.20e+30       0.9732       0.8189      36.0098       1.0000   45702.3206    1268.7552       0.0000       0.1532       0.8468       1.0000       1.0000       1.0000
-2.31e+30       0.9725       0.8168      36.5054       1.0000   47274.1068    1294.5657       0.0000       0.1564       0.8436       1.0000       1.0000       1.0000
-2.31e+30       0.9717       0.8146      37.0202       1.0000   48940.1750    1321.5434       0.0000       0.1596       0.8404       1.0000       1.0000       1.0000
-2.42e+30       0.9709       0.8125      37.5294       1.0000   50622.6568    1348.4167       0.0000       0.1862       0.8138       1.0000       1.0000       1.0000
-2.42e+30       0.9701       0.8103      38.0586       1.0000   52406.4274    1376.5111       0.0000       0.1900       0.8100       1.0000       1.0000       1.0000
-2.54e+30       0.9693       0.8081      38.5822       1.0000   54208.1584    1404.5028       0.0000       0.1939       0.8061       1.0000       1.0000       1.0000
-2.54e+30       0.9684       0.8059      39.1263       1.0000   56118.7654    1433.7725       0.0000       0.1978       0.8022       1.0000       1.0000       1.0000
-2.67e+30       0.9676       0.8037      39.6648       1.0000   58049.0406    1462.9414       0.0000       0.2019       0.7981       1.0000       1.0000       1.0000
-2.67e+30       0.9667       0.8014      40.2247       1.0000   60096.4139    1493.4486       0.0000       0.2060       0.7940       1.0000       1.0000       1.0000
-2.80e+30       0.9658       0.7992      40.7788       1.0000   62165.3428    1523.8574       0.0000       0.2103       0.7897       1.0000       1.0000       1.0000
-2.80e+30       0.9649       0.7968      41.3550       1.0000   64360.2869    1555.6682       0.0000       0.2145       0.7855       1.0000       1.0000       1.0000
-2.94e+30       0.9639       0.7945      41.9254       1.0000   66578.8745    1587.3834       0.0000       0.2573       0.7427       1.0000       1.0000       1.0000
-2.94e+30       0.9629       0.7921      42.5187       1.0000   68933.1565    1620.5680       0.0000       0.2624       0.7376       1.0000       1.0000       1.0000
-3.09e+30       0.9619       0.7898      43.1062       1.0000   71313.3936    1653.6603       0.0000       0.2679       0.7321       1.0000       1.0000       1.0000
-3.09e+30       0.9609       0.7874      43.7173       1.0000   73839.8405    1688.2936       0.0000       0.2733       0.7267       1.0000       1.0000       1.0000
-3.25e+30       0.9599       0.7850      44.3227       1.0000   76394.8047    1722.8386       0.0000       0.2789       0.7211       1.0000       1.0000       1.0000
-3.25e+30       0.9588       0.7825      44.9525       1.0000   79107.4127    1759.0002       0.0000       0.2845       0.7155       1.0000       1.0000       1.0000
-3.41e+30       0.9577       0.7801      45.5765       1.0000   81851.3806    1795.0781       0.0000       0.2904       0.7096       1.0000       1.0000       1.0000
-3.41e+30       0.9566       0.7776      46.2259       1.0000   84765.4373    1832.8531       0.0000       0.2962       0.7038       1.0000       1.0000       1.0000
-3.58e+30       0.9554       0.7751      46.8694       1.0000   87714.0108    1870.5497       0.0000       0.3536       0.6464       1.0000       1.0000       1.0000
-3.58e+30       0.9542       0.7725      47.5392       1.0000   90846.2314    1910.0289       0.0000       0.3607       0.6393       1.0000       1.0000       1.0000
-3.76e+30       0.9530       0.7699      48.2031       1.0000   94016.4790    1949.4359       0.0000       0.3681       0.6319       1.0000       1.0000       1.0000
-3.76e+30       0.9518       0.7673      48.8943       1.0000   97385.1598    1990.7162       0.0000       0.3755       0.6245       1.0000       1.0000       1.0000
-3.94e+30       0.9505       0.7647      49.5796       1.0000  100795.7752    2031.9314       0.0000       0.3833       0.6167       1.0000       1.0000       1.0000
-3.94e+30       0.9492       0.7620      50.2933       1.0000  104420.9660    2075.1167       0.0000       0.3910       0.6090       1.0000       1.0000       1.0000
-3.94e+30       0.9479       0.7594      51.0010       1.0000  108092.4465    2118.2452       0.0000       0.3991       0.6009       1.0000       1.0000       1.0000
-4.14e+30       0.9465       0.7568      51.7031       1.0000  111810.2543    2161.3234       0.0000       0.4071       0.5929       1.0000       1.0000       1.0000
-4.14e+30       0.9452       0.7541      52.4346       1.0000  115762.6467    2206.4794       0.0000       0.4152       0.5848       1.0000       1.0000       1.0000
-4.35e+30       0.9438       0.7514      53.1604       1.0000  119766.2526    2251.5946       0.0000       0.4942       0.5058       1.0000       1.0000       1.0000
-4.35e+30       0.9423       0.7486      53.9168       1.0000  124023.8967    2298.8976       0.0000       0.5039       0.4961       1.0000       1.0000       1.0000
-4.57e+30       0.9409       0.7459      54.6675       1.0000  128338.2149    2346.1705       0.0000       0.5141       0.4859       1.0000       1.0000       1.0000
-4.57e+30       0.9393       0.7431      55.4500       1.0000  132927.8813    2395.7490       0.0000       0.5243       0.4757       1.0000       1.0000       1.0000
-4.79e+30       0.9378       0.7403      56.2268       1.0000  137580.3324    2445.3095       0.0000       0.5349       0.4651       1.0000       1.0000       1.0000
-4.79e+30       0.9362       0.7374      57.0367       1.0000  142531.5050    2497.3013       0.0000       0.5456       0.4544       1.0000       1.0000       1.0000
-4.79e+30       0.9346       0.7345      57.8409       1.0000  147552.3103    2549.2892       0.0000       0.5567       0.4433       1.0000       1.0000       1.0000
-5.03e+30       0.9330       0.7317      58.6397       1.0000  152642.9741    2601.2804       0.0000       0.5677       0.4323       1.0000       1.0000       1.0000
-5.03e+30       0.9313       0.7288      59.4729       1.0000  158061.7751    2655.8454       0.0000       0.6737       0.3263       1.0000       1.0000       1.0000
-5.29e+30       0.9296       0.7259      60.3008       1.0000  163558.1762    2710.4297       0.0000       0.6872       0.3128       1.0000       1.0000       1.0000
-5.29e+30       0.9278       0.7229      61.1646       1.0000  169411.2074    2767.7324       0.0000       0.7006       0.2994       1.0000       1.0000       1.0000
-5.55e+30       0.9261       0.7199      62.0229       1.0000  175350.5428    2825.0729       0.0000       0.7146       0.2854       1.0000       1.0000       1.0000
-5.55e+30       0.9242       0.7168      62.9188       1.0000  181677.8884    2885.2868       0.0000       0.7286       0.2714       1.0000       1.0000       1.0000
-5.55e+30       0.9223       0.7138      63.8093       1.0000  188101.3405    2945.5595       0.0000       0.7433       0.2567       1.0000       1.0000       1.0000
-5.83e+30       0.9205       0.7108      64.6948       1.0000  194621.4123    3005.8988       0.0000       0.7579       0.2421       1.0000       1.0000       1.0000
-5.83e+30       0.9185       0.7077      65.6194       1.0000  201569.4999    3069.2902       0.0000       0.7725       0.2275       1.0000       1.0000       1.0000
-6.12e+30       0.9166       0.7047      66.5389       1.0000  208625.3650    3132.7722       0.0000       0.9065       0.0935       1.0000       1.0000       1.0000
-6.12e+30       0.9145       0.7015      67.4994       1.0000  216147.8939    3199.4864       0.0000       0.9241       0.0759       1.0000       1.0000       1.0000
-6.12e+30       0.9125       0.6983      68.4550       1.0000  223790.8128    3266.3189       0.0000       0.9424       0.0576       1.0000       1.0000       1.0000
-6.43e+30       0.9104       0.6952      69.4058       1.0000  231554.9583    3333.2780       0.0000       0.9607       0.0393       1.0000       1.0000       1.0000
-6.43e+30       0.9083       0.6920      70.3995       1.0000  239835.5072    3403.6789       0.0000       0.9790       0.0210       1.0000       1.0000       1.0000
-6.43e+30       0.9061       0.6888      71.3886       1.0000  248251.7158    3474.2380       0.0000       0.9982       0.0018       1.0000       1.0000       1.0000
-6.75e+30       0.9040       0.6856      72.3566       1.0000  256804.6552    3545.7872       0.0000       1.0000       0.0000       1.0000       1.0000       1.0000
-6.75e+30       0.9017       0.6824      73.3508       1.0000  265929.9685    3621.9448       0.0000       1.0000       0.0000       1.0000       1.0000       1.0000
-7.08e+30       0.8994       0.6791      74.1884       1.0000  275208.5379    3705.9589       0.0000       1.0000       0.0000       1.0000       1.0000       1.0000
-7.08e+30       0.8971       0.6758      75.0547       1.0000  285113.2905    3794.9776       0.0000       1.0000       0.0000       1.0000       1.0000       1.0000
-7.08e+30       0.8947       0.6725      75.9082       1.0000  295189.5343    3884.8811       0.0000       1.0000       0.0000       1.0000       1.0000       1.0000
-7.44e+30       0.8923       0.6692      76.7495       1.0000  305438.3676    3975.6577       0.0000       1.0000       0.0000       1.0000       1.0000       1.0000
-7.44e+30       0.8898       0.6658      77.6209       1.0000  316382.0248    4071.8274       0.0000       1.0000       0.0000       1.0000       1.0000       1.0000
-7.44e+30       0.8873       0.6625      78.4806       1.0000  327518.5222    4168.9403       0.0000       1.0000       0.0000       1.0000       1.0000       1.0000
-7.81e+30       0.8849       0.6592      79.3292       1.0000  338849.1741    4266.9873       0.0000       1.0000       0.0000       1.0000       1.0000       1.0000
-7.81e+30       0.8822       0.6558      80.2093       1.0000  350951.6156    4370.8545       0.0000       1.0000       0.0000       1.0000       1.0000       1.0000
-8.20e+30       0.8796       0.6524      81.0786       1.0000  363271.1784    4475.7372       0.0000       1.0000       0.0000       1.0000       1.0000       1.0000
-8.20e+30       0.8769       0.6489      81.9807       1.0000  376436.3553    4586.8643       0.0000       1.0000       0.0000       1.0000       1.0000       1.0000
-8.20e+30       0.8741       0.6455      82.8722       1.0000  389844.5515    4699.0987       0.0000       1.0000       0.0000       1.0000       1.0000       1.0000
-8.61e+30       0.8714       0.6421      83.6260       1.0000  403497.6483    4819.8192       0.0000       1.0000       0.0000       1.0000       1.0000       1.0000
-8.61e+30       0.8685       0.6386      84.4127       1.0000  418092.5457    4947.6032       0.0000       1.0000       0.0000       1.0000       1.0000       1.0000
-8.61e+30       0.8656       0.6351      85.1945       1.0000  432961.3330    5076.5267       0.0000       1.0000       0.0000       1.0000       1.0000       1.0000
-9.04e+30       0.8627       0.6317      85.9717       1.0000  448105.7593    5206.5886       0.0000       1.0000       0.0000       1.0000       1.0000       1.0000
-9.04e+30       0.8597       0.6282      86.7831       1.0000  464298.6990    5344.2865       0.0000       1.0000       0.0000       1.0000       1.0000       1.0000
-9.04e+30       0.8567       0.6247      87.5898       1.0000  480799.6788    5483.2400       0.0000       1.0000       0.0000       1.0000       1.0000       1.0000
-9.49e+30       0.8536       0.6213      88.3919       1.0000  497610.8479    5623.4486       0.0000       1.0000       0.0000       1.0000       1.0000       1.0000
-9.49e+30       0.8505       0.6178      89.2296       1.0000  515590.5721    5771.9182       0.0000       1.0000       0.0000       1.0000       1.0000       1.0000
-9.49e+30       0.8473       0.6143      90.0628       1.0000  533917.3579    5921.7733       0.0000       1.0000       0.0000       1.0000       1.0000       1.0000
-9.97e+30       0.8441       0.6109      90.8917       1.0000  552593.8419    6073.0136       0.0000       1.0000       0.0000       1.0000       1.0000       1.0000
-9.97e+30       0.8408       0.6073      91.7576       1.0000  572574.1512    6233.1984       0.0000       1.0000       0.0000       1.0000       1.0000       1.0000
-9.97e+30       0.8374       0.6038      92.6191       1.0000  592946.2133    6394.9138       0.0000       1.0000       0.0000       1.0000       1.0000       1.0000
-1.05e+31       0.8341       0.6003      93.3371       1.0000  613713.2601    6567.9914       0.0000       1.0000       0.0000       1.0000       1.0000       1.0000
-1.05e+31       0.8306       0.5968      94.0910       1.0000  635936.8473    6751.3283       0.0000       1.0000       0.0000       1.0000       1.0000       1.0000
-1.05e+31       0.8271       0.5932      94.8447       1.0000  658602.6848    6936.4199       0.0000       1.0000       0.0000       1.0000       1.0000       1.0000
-1.10e+31       0.8236       0.5898      95.5981       1.0000  681713.8676    7123.2599       0.0000       1.0000       0.0000       1.0000       1.0000       1.0000
-1.10e+31       0.8199       0.5862      96.3891       1.0000  706451.5358    7321.1937       0.0000       1.0000       0.0000       1.0000       1.0000       1.0000
-1.10e+31       0.8162       0.5826      97.1798       1.0000  731687.5378    7521.0453       0.0000       1.0000       0.0000       1.0000       1.0000       1.0000
-1.10e+31       0.8125       0.5791      97.9703       1.0000  757425.6871    7722.8091       0.0000       1.0000       0.0000       1.0000       1.0000       1.0000
-1.15e+31       0.8088       0.5757      98.7605       1.0000  783669.8721    7926.4804       0.0000       1.0000       0.0000       1.0000       1.0000       1.0000
-1.15e+31       0.8050       0.5722      99.5900       1.0000  811761.7651    8142.2479       0.0000       1.0000       0.0000       1.0000       1.0000       1.0000
-1.15e+31       0.8011       0.5687     100.4192       1.0000  840420.7444    8360.1127       0.0000       1.0000       0.0000       1.0000       1.0000       1.0000
-1.21e+31       0.7972       0.5652     101.2481       1.0000  869651.5961    8580.0712       0.0000       1.0000       0.0000       1.0000       1.0000       1.0000
-1.21e+31       0.7932       0.5616     102.1183       1.0000  900949.5800    8813.1282       0.0000       1.0000       0.0000       1.0000       1.0000       1.0000
-1.21e+31       0.7891       0.5581     102.9882       1.0000  932889.3310    9048.4911       0.0000       1.0000       0.0000       1.0000       1.0000       1.0000
-1.27e+31       0.7851       0.5546     103.8579       1.0000  965476.7447    9286.1578       0.0000       1.0000       0.0000       1.0000       1.0000       1.0000
-1.27e+31       0.7808       0.5510     104.6104       1.0000 1000379.8888    9552.7237       0.0000       1.0000       0.0000       1.0000       1.0000       1.0000
-1.27e+31       0.7765       0.5475     105.3662       1.0000 1036010.9497    9822.0721       0.0000       1.0000       0.0000       1.0000       1.0000       1.0000
-1.34e+31       0.7723       0.5440     106.1252       1.0000 1072375.7444   10094.1834       0.0000       1.0000       0.0000       1.0000       1.0000       1.0000
-1.34e+31       0.7678       0.5403     107.6690       1.0000 1111335.4228   10310.6644       0.0000       0.8460       0.1540       1.0000       1.0000       1.0000
-1.34e+31       0.7633       0.5368     109.2124       1.0000 1151117.7832   10528.5788       0.0000       0.8599       0.1401       1.0000       1.0000       1.0000
-1.34e+31       0.7588       0.5332     110.7556       1.0000 1191737.5247   10747.9658       0.0000       0.8738       0.1262       1.0000       1.0000       1.0000
-1.40e+31       0.7544       0.5296     112.2991       1.0000 1233209.8408   10968.8645       0.0000       0.8875       0.1125       1.0000       1.0000       1.0000
-1.40e+31       0.7497       0.5260     113.9203       1.0000 1277667.4657   11202.2783       0.0000       0.9011       0.0989       1.0000       1.0000       1.0000
-1.40e+31       0.7450       0.5223     115.5426       1.0000 1323100.9396   11437.4499       0.0000       0.9154       0.0846       1.0000       1.0000       1.0000
-1.47e+31       0.7403       0.5187     117.1664       1.0000 1369529.7467   11674.4265       0.0000       0.9296       0.0704       1.0000       1.0000       1.0000
-1.47e+31       0.7353       0.5149     118.7060       1.0000 1419346.2773   11941.9167       0.0000       1.0000       0.0000       1.0000       1.0000       1.0000
-1.47e+31       0.7304       0.5111     120.2306       1.0000 1470306.2657   12213.5669       0.0000       1.0000       0.0000       1.0000       1.0000       1.0000
-1.47e+31       0.7255       0.5074     121.7416       1.0000 1522432.6615   12489.3607       0.0000       1.0000       0.0000       1.0000       1.0000       1.0000
-1.55e+31       0.7205       0.5037     123.2404       1.0000 1575748.9896   12769.2898       0.0000       1.0000       0.0000       1.0000       1.0000       1.0000
-1.55e+31       0.7154       0.4998     124.8026       1.0000 1633005.9002   13067.3777       0.0000       1.0000       0.0000       1.0000       1.0000       1.0000
-1.55e+31       0.7102       0.4960     126.3540       1.0000 1691629.6485   13370.0359       0.0000       1.0000       0.0000       1.0000       1.0000       1.0000
-1.55e+31       0.7050       0.4921     127.8956       1.0000 1751649.7705   13677.2771       0.0000       1.0000       0.0000       1.0000       1.0000       1.0000
-1.62e+31       0.6998       0.4884     129.4287       1.0000 1813096.6538   13989.1203       0.0000       1.0000       0.0000       1.0000       1.0000       1.0000
-1.62e+31       0.6944       0.4844     131.0306       1.0000 1879146.8252   14321.2193       0.0000       1.0000       0.0000       1.0000       1.0000       1.0000
-1.62e+31       0.6889       0.4805     132.3910       1.0000 1946841.2975   14684.5438       0.0000       1.0000       0.0000       1.0000       1.0000       1.0000
-1.62e+31       0.6835       0.4766     133.7534       1.0000 2016218.6260   15052.8127       0.0000       1.0000       0.0000       1.0000       1.0000       1.0000
-1.70e+31       0.6781       0.4728     135.1180       1.0000 2087314.5059   15426.0845       0.0000       1.0000       0.0000       1.0000       1.0000       1.0000
-1.70e+31       0.6724       0.4688     136.5536       1.0000 2163808.3371   15823.1373       0.0000       1.0000       0.0000       1.0000       1.0000       1.0000
-1.70e+31       0.6666       0.4648     137.9926       1.0000 2242281.0252   16225.8494       0.0000       1.0000       0.0000       1.0000       1.0000       1.0000
-1.70e+31       0.6609       0.4609     139.4352       1.0000 2322778.1894   16634.2970       0.0000       1.0000       0.0000       1.0000       1.0000       1.0000
-1.70e+31       0.6552       0.4570     140.8819       1.0000 2405347.0388   17048.5592       0.0000       1.0000       0.0000       1.0000       1.0000       1.0000
-1.79e+31       0.6495       0.4531     142.3330       1.0000 2490036.4471   17468.7182       0.0000       1.0000       0.0000       1.0000       1.0000       1.0000
-1.79e+31       0.6435       0.4491     143.8618       1.0000 2581240.0630   17915.9395       0.0000       1.0000       0.0000       1.0000       1.0000       1.0000
-1.79e+31       0.6375       0.4451     145.3963       1.0000 2674897.3107   18369.8618       0.0000       1.0000       0.0000       1.0000       1.0000       1.0000
-1.79e+31       0.6315       0.4411     146.9371       1.0000 2771071.3483   18830.5925       0.0000       1.0000       0.0000       1.0000       1.0000       1.0000
-1.79e+31       0.6255       0.4371     148.2756       1.0000 2869827.8012   19325.6045       0.0000       1.0000       0.0000       1.0000       1.0000       1.0000
-1.88e+31       0.6195       0.4332     149.6259       1.0000 2971234.8945   19827.8661       0.0000       1.0000       0.0000       1.0000       1.0000       1.0000
-1.88e+31       0.6132       0.4291     151.0564       1.0000 3080564.4128   20362.7136       0.0000       1.0000       0.0000       1.0000       1.0000       1.0000
-1.88e+31       0.6069       0.4251     152.5004       1.0000 3192966.4453   20905.7819       0.0000       1.0000       0.0000       1.0000       1.0000       1.0000
-1.88e+31       0.6006       0.4210     153.9582       1.0000 3308523.2282   21457.1968       0.0000       1.0000       0.0000       1.0000       1.0000       1.0000
-1.88e+31       0.5943       0.4170     155.4298       1.0000 3427320.4194   22017.0903       0.0000       1.0000       0.0000       1.0000       1.0000       1.0000
-1.88e+31       0.5880       0.4131     156.9158       1.0000 3549447.2974   22585.6016       0.0000       1.0000       0.0000       1.0000       1.0000       1.0000
-1.97e+31       0.5817       0.4091     158.4163       1.0000 3674996.9734   23162.8766       0.0000       1.0000       0.0000       1.0000       1.0000       1.0000
-1.97e+31       0.5751       0.4050     160.0075       1.0000 3810520.1026   23778.0860       0.0000       1.0000       0.0000       1.0000       1.0000       1.0000
-1.97e+31       0.5685       0.4009     161.6154       1.0000 3950039.5885   24403.3131       0.0000       1.0000       0.0000       1.0000       1.0000       1.0000
-1.97e+31       0.5619       0.3968     163.2406       1.0000 4093678.6368   25038.7550       0.0000       1.0000       0.0000       1.0000       1.0000       1.0000
-1.97e+31       0.5553       0.3928     164.8835       1.0000 4241566.3954   25684.6196       0.0000       1.0000       0.0000       1.0000       1.0000       1.0000
-1.97e+31       0.5487       0.3887     166.3777       1.0000 4393838.3512   26367.7225       0.0000       1.0000       0.0000       1.0000       1.0000       1.0000
-1.97e+31       0.5421       0.3847     167.8932       1.0000 4550636.7598   27062.1217       0.0000       1.0000       0.0000       1.0000       1.0000       1.0000
-1.97e+31       0.5355       0.3807     169.4305       1.0000 4712104.3171   27768.0263       0.0000       1.0000       0.0000       1.0000       1.0000       1.0000
-2.07e+31       0.5289       0.3768     170.9900       1.0000 4878390.7988   28485.6585       0.0000       1.0000       0.0000       1.0000       1.0000       1.0000
-2.07e+31       0.5219       0.3726     172.6512       1.0000 5058216.6920   29251.3814       0.0000       1.0000       0.0000       1.0000       1.0000       1.0000
-2.07e+31       0.5150       0.3685     174.3381       1.0000 5243716.9587   30030.5783       0.0000       1.0000       0.0000       0.0000       1.0000       0.0000
-2.07e+31       0.5080       0.3644     176.0511       1.0000 5435093.9441   30823.5579       0.0000       1.0000       0.0000       0.0000       1.0000       0.0000
-2.07e+31       0.5011       0.3603     177.7910       1.0000 5632561.4149   31630.6486       0.0000       1.0000       0.0000       0.0000       1.0000       0.0000
-2.07e+31       0.4941       0.3562     179.5585       1.0000 5836345.4585   32452.1999       0.0000       1.0000       0.0000       0.0000       1.0000       0.0000
-2.07e+31       0.4872       0.3521     181.3544       1.0000 6046685.4707   33288.5844       0.0000       1.0000       0.0000       0.0000       1.0000       0.0000
-2.07e+31       0.4803       0.3481     183.1795       1.0000 6263835.2433   34140.1985       0.0000       1.0000       0.0000       0.0000       1.0000       0.0000
-2.07e+31       0.4733       0.3440     185.0349       1.0000 6488064.1646   35007.4652       0.0000       1.0000       0.0000       0.0000       1.0000       0.0000
-2.07e+31       0.4664       0.3400     186.9213       1.0000 6719658.5470   35890.8353       0.0000       1.0000       0.0000       0.0000       1.0000       0.0000
-2.07e+31       0.4594       0.3359     188.8400       1.0000 6958923.0968   36790.7902       0.0000       1.0000       0.0000       0.0000       1.0000       0.0000
-2.18e+31       0.4525       0.3319     190.7920       1.0000 7206182.5463   37707.8444       0.0000       1.0000       0.0000       0.0000       1.0000       0.0000
-2.18e+31       0.4452       0.3276     192.8779       1.0000 7474563.5165   38688.7755       0.0000       1.0000       0.0000       0.0000       1.0000       0.0000
-2.18e+31       0.4379       0.3234     195.0034       1.0000 7752560.1129   39689.8260       0.0000       1.0000       0.0000       0.0000       1.0000       0.0000
-2.18e+31       0.4306       0.3191     197.1702       1.0000 8040633.2484   40711.7293       0.0000       1.0000       0.0000       0.0000       1.0000       0.0000
-2.18e+31       0.4233       0.3149     198.9873       1.0000 8339278.9538   41838.2646       0.0000       1.0000       0.0000       0.0000       1.0000       0.0000
-2.18e+31       0.4160       0.3107     200.8523       1.0000 8649032.0597   42989.3132       0.0000       1.0000       0.0000       0.0000       1.0000       0.0000
-2.18e+31       0.4088       0.3064     202.7671       1.0000 8970435.4505   44165.6756       0.0000       1.0000       0.0000       0.0000       1.0000       0.0000
-2.18e+31       0.4015       0.3022     204.7334       1.0000 9304074.1669   45368.2207       0.0000       1.0000       0.0000       0.0000       1.0000       0.0000
-2.18e+31       0.3942       0.2979     206.7533       1.0000 9650579.9788   46597.8924       0.0000       1.0000       0.0000       0.0000       1.0000       0.0000
-2.18e+31       0.3869       0.2936     208.8289       1.0000 10010636.5889   47855.7180       0.0000       1.0000       0.0000       0.0000       1.0000       0.0000
-2.18e+31       0.3796       0.2894     210.9627       1.0000 10384985.5713   49142.8174       0.0000       1.0000       0.0000       0.0000       1.0000       0.0000
-2.18e+31       0.3723       0.2851     213.1572       1.0000 10774433.1750   50460.4129       0.0000       1.0000       0.0000       0.0000       1.0000       0.0000
-2.18e+31       0.3650       0.2808     215.4153       1.0000 11179858.1448   51809.8417       0.0000       1.0000       0.0000       0.0000       1.0000       0.0000
-2.18e+31       0.3577       0.2765     217.7400       1.0000 11602220.7473   53192.5694       0.0000       1.0000       0.0000       0.0000       1.0000       0.0000
-2.18e+31       0.3504       0.2722     220.1348       1.0000 12042573.2297   54610.2059       0.0000       1.0000       0.0000       0.0000       1.0000       0.0000
-2.18e+31       0.3432       0.2678     222.6033       1.0000 12502071.9900   56064.5235       0.0000       1.0000       0.0000       0.0001       1.0000       0.0001
-2.18e+31       0.3359       0.2634     225.1496       1.0000 12981991.8034   57557.4787       0.0000       1.0000       0.0000       0.0001       1.0000       0.0001
-2.18e+31       0.3286       0.2590     227.7783       1.0000 13483742.5309   59091.2371       0.0000       1.0000       0.0000       0.0001       1.0000       0.0001
-2.18e+31       0.3213       0.2546     230.4944       1.0000 14008888.8430   60668.2030       0.0000       1.0000       0.0000       0.0001       1.0000       0.0001
-2.18e+31       0.3140       0.2501     233.3034       1.0000 14559173.6291   62291.0543       0.0000       1.0000       0.0000       0.0001       1.0000       0.0001
-2.18e+31       0.3067       0.2456     236.2114       1.0000 15136545.9367   63962.7842       0.0000       1.0000       0.0000       0.0001       1.0000       0.0001
-2.18e+31       0.2994       0.2410     239.2254       1.0000 15743194.5261   65686.7507       0.0000       1.0000       0.0000       0.0001       1.0000       0.0001
-2.18e+31       0.2921       0.2364     242.3531       1.0000 16381588.4274   67466.7370       0.0000       1.0000       0.0000       0.0002       1.0000       0.0002
-2.18e+31       0.2848       0.2317     245.6031       1.0000 17054526.3072   69307.0243       0.0000       1.0000       0.0000       0.0002       1.0000       0.0002
-2.18e+31       0.2775       0.2270     248.9853       1.0000 17765197.0089   71212.4802       0.0000       1.0000       0.0000       0.0002       1.0000       0.0002
-2.18e+31       0.2703       0.2222     251.9999       1.0000 18517254.3980   73338.2368       0.0000       1.0000       0.0000       0.0003       1.0000       0.0003
-2.18e+31       0.2630       0.2173     255.1670       1.0000 19314910.6982   75546.7457       0.0000       1.0000       0.0000       0.0003       1.0000       0.0003
-2.18e+31       0.2557       0.2124     258.5000       1.0000 20162898.8478   77845.2700       0.0000       1.0000       0.0000       0.0004       1.0000       0.0004
-2.18e+31       0.2484       0.2074     263.1443       1.0000 21066725.1889   79894.8750       0.0000       0.6125       0.3875       0.0004       1.0000       0.0004
-2.18e+31       0.2411       0.2023     267.9813       1.0000 22032844.1474   82045.8605       0.0000       0.6116       0.3884       0.0005       1.0000       0.0005
-2.18e+31       0.2338       0.1970     273.0346       1.0000 23069338.6959   84310.4482       0.0000       0.6105       0.3895       0.0007       1.0000       0.0007
-2.18e+31       0.2265       0.1916     278.3322       1.0000 24185933.4535   86703.1913       0.0000       0.6094       0.3906       0.0009       1.0000       0.0009
-2.18e+31       0.2192       0.1861     283.9077       1.0000 25394456.3549   89241.5961       0.0000       0.6081       0.3919       0.0011       1.0000       0.0011
-2.18e+31       0.2119       0.1804     289.8019       1.0000 26709470.1449   91946.9605       0.0000       0.6069       0.3931       0.0014       1.0000       0.0014
-2.18e+31       0.2047       0.1745     296.0651       1.0000 28149152.7532   94845.5272       0.0000       0.6057       0.3943       0.0018       1.0000       0.0018
-2.18e+31       0.1974       0.1684     302.7598       1.0000 29736551.2153   97970.1005       0.0000       0.6045       0.3955       0.0023       1.0000       0.0023
-2.18e+31       0.1901       0.1621     309.9656       1.0000 31501411.6140  101362.3665       0.0000       0.6035       0.3965       0.0029       1.0000       0.0029
-2.18e+31       0.1828       0.1555     317.7852       1.0000 33482925.0996  105076.3099       0.0000       0.6029       0.3971       0.0039       1.0000       0.0039
-2.18e+31       0.1755       0.1485     326.3545       1.0000 35733983.5519  109183.3999       0.0000       0.7782       0.2218       0.0052       1.0000       0.0052
-2.18e+31       0.1682       0.1412     335.8580       1.0000 38328028.3538  113780.7386       0.0000       0.7788       0.2212       0.0071       1.0000       0.0071
-2.18e+31       0.1609       0.1335     346.5543       1.0000 41370576.9410  119004.4142       0.0000       0.7807       0.2193       0.0099       1.0000       0.0099
-2.18e+31       0.1536       0.1252     358.8199       1.0000 45019698.6941  125052.4852       0.0000       0.7845       0.2155       0.0142       1.0000       0.0142
-2.18e+31       0.1463       0.1162     373.2306       1.0000 49524889.9807  132227.0265       0.0000       0.7911       0.2089       0.0213       1.0000       0.0213
-2.18e+31       0.1391       0.1063     390.7233       1.0000 55307351.4871  141017.1051       0.0000       0.8021       0.1979       0.0336       1.0000       0.0336
-2.18e+31       0.1318       0.0952     408.9717       1.0000 63144998.1631  153786.8888       0.0000       1.0000       0.0000       0.0520       1.0000       0.0520
-2.18e+31       0.1245       0.0826     433.6613       1.0000 74667934.0638  171449.8778       0.0000       1.0000       0.0000       0.0886       1.0000       0.0886
-2.18e+31       0.1172       0.0676     470.2379       1.0000 93894819.7621  198743.7046       0.0000       1.0000       0.0000       0.1731       1.0000       0.1731
-1.37e+31       0.1099       0.0481     534.3720       1.0000 134360716.6586  250069.3765       0.0000       1.0000       0.0000       0.3996       1.0000       0.3996
-5.17e+30       0.1053       0.0290     601.2848       1.0000 227085621.7358  375719.6084       0.0000       1.0000       0.0000       0.6463       1.0000       0.6463
-1.17e+30       0.1036       0.0157     735.9292       1.0000 481792295.6048  651100.6554       0.0001       1.0000       0.0000       0.8992       1.0000       0.8992
-2.15e+29       0.1032       0.0099     855.2696       1.0000 1132966922.1126 1319086.7347       0.0003       1.0000       0.0000       0.9513       1.0000       0.9513
-8.12e+28       0.1031       0.0085     948.3033       1.0000 1901577115.9951 1997605.5405       0.0009       1.0000       0.0000       0.9435       1.0000       0.9435
-7.33e+28       0.1031       0.0081     994.6614       1.0000 2423277199.2479 2427473.1032       0.0015       1.0000       0.0000       0.9262       1.0000       0.9262
-7.33e+28       0.1031       0.0077    1026.2725       1.0000 3008340377.9935 2921652.2028       0.0022       1.0000       0.0000       0.9088       1.0000       0.9088
-7.33e+28       0.1030       0.0074    1061.0551       1.0000 3715286285.9323 3490811.5236       0.0032       1.0000       0.0000       0.8840       1.0000       0.8840
-7.33e+28       0.1030       0.0071    1130.5040       1.0000 4562534937.3680 4022909.9881       0.0057       1.0000       0.0000       0.8159       1.0000       0.8159
-7.33e+28       0.1030       0.0068    1198.8133       1.0000 5570218309.2313 4631022.1516       0.0100       1.0000       0.0000       0.7262       1.0000       0.7262
-7.33e+28       0.1030       0.0065    1266.8223       1.0000 6766259630.9121 5322928.4447       0.0180       1.0000       0.0000       0.6210       1.0000       0.6210
-7.33e+28       0.1029       0.0062    1320.1910       1.0000 8182884454.7536 6177661.9630       0.0300       1.0000       0.0000       0.5343       1.0000       0.5343
-7.33e+28       0.1029       0.0060    1375.9390       1.0000 9857278629.5618 7140721.7844       0.0512       1.0000       0.0000       0.4462       1.0000       0.4462
-7.33e+28       0.1029       0.0057    1433.9266       1.0000 11828553814.8427 8222676.7658       0.0891       1.0000       0.0000       0.3626       1.0000       0.3626
-7.33e+28       0.1029       0.0055    1494.0370       1.0000 14140838789.5768 9435005.4422       0.1576       1.0000       0.0000       0.2878       1.0000       0.2878
-7.33e+28       0.1028       0.0053    1556.1748       1.0000 16843853056.8311 10790156.2575       0.2817       1.0000       0.0000       0.2243       1.0000       0.2243
-7.33e+28       0.1028       0.0051    1608.1488       1.0000 19993539296.4843 12395427.5798       0.4683       1.0000       0.0000       0.1813       1.0000       0.1813
-7.33e+28       0.1028       0.0049    1662.8762       1.0000 23652760586.5757 14182864.3408       0.7857       1.0000       0.0000       0.1448       1.0000       0.1448
-7.33e+28       0.1028       0.0048    1720.1712       1.0000 27887255094.6416 16166368.5607       1.3252       1.0000       0.0000       0.1145       1.0000       0.1145
-7.33e+28       0.1027       0.0046    1779.8602       0.9999 32769469232.5439 18360819.5747       2.2392       1.0000       0.0000       0.0900       1.0000       0.0900
-7.33e+28       0.1027       0.0044    1902.0716       0.9999 38379171288.5147 20115982.9025       5.3276       0.9755       0.0245       0.0559       1.0000       0.0559
-7.33e+28       0.1027       0.0043    2019.6585       0.9998 44804113366.7387 22110264.4037      11.7584       1.0000       0.0000       0.0363       1.0000       0.0363
-7.33e+28       0.1027       0.0041    2108.9557       0.9996 52173676159.0705 24655140.1504      21.5838       1.0000       0.0000       0.0266       1.0000       0.0266
-7.33e+28       0.1026       0.0040    2199.0232       0.9992 60636871894.4425 27479264.4518      38.7685       1.0000       0.0000       0.0197       1.0000       0.0197
-7.33e+28       0.1026       0.0039    2290.1810       0.9984 70349176603.2496 30610203.2386      68.3135       1.0000       0.0000       0.0148       1.0000       0.0148
-7.33e+28       0.1026       0.0037    2382.6805       0.9971 81487126801.4231 34078671.5097     118.3308       1.0000       0.0000       0.0112       1.0000       0.0112
-7.33e+28       0.1026       0.0036    2476.7109       0.9949 94251102506.4585 37918933.8585     201.8140       1.0000       0.0000       0.0085       1.0000       0.0085
-7.33e+28       0.1025       0.0035    2550.4745       0.9910 108868445373.8765 42537044.8761     311.9062       1.0000       0.0000       0.0070       1.0000       0.0070
-7.33e+28       0.1025       0.0034    2627.4961       0.9851 125596939523.4184 47638622.6504     481.9164       1.0000       0.0000       0.0057       1.0000       0.0057
-7.33e+28       0.1025       0.0033    2707.5019       0.9759 144706074630.8456 53268686.9984     743.0591       1.0000       0.0000       0.0046       1.0000       0.0046
-7.33e+28       0.1025       0.0032    2790.1207       0.9617 166495596930.6009 59478849.9070    1141.2273       1.0000       0.0000       0.0038       1.0000       0.0038
-7.33e+28       0.1024       0.0031    2874.8271       0.9399 191298365022.1182 66329915.4317    1742.2620       1.0000       0.0000       0.0031       1.0000       0.0031
-7.33e+28       0.1024       0.0030    2960.8517       0.9067 219483222506.3899 73896106.8844    2637.2639       1.0000       0.0000       0.0026       1.0000       0.0026
-7.33e+28       0.1024       0.0029    3047.0423       0.8563 251457697878.5435 82272006.2963    3945.2488       1.0000       0.0000       0.0021       1.0000       0.0021
-7.33e+28       0.1024       0.0028    3131.6546       0.7811 287670196020.1564 91584021.4684    5806.7888       1.0000       0.0000       0.0018       1.0000       0.0018
-7.33e+28       0.1023       0.0027    3195.8033       0.6702 328611106223.0463 102533803.3629    7980.8273       1.0000       0.0000       0.0016       1.0000       0.0016
-7.33e+28       0.1023       0.0026    3209.0139       0.5180 374811868739.7940 116504160.9277    9452.9216       1.0000       0.0000       0.0015       1.0000       0.0015
-5.39e+28       0.1023       0.0026    3220.3650       0.3376 426808313573.0567 132235583.8662   11117.2511       1.0000       0.0000       0.0015       1.0000       0.0015
-2.91e+28       0.1023       0.0025    3226.3948       0.1816 469628483973.5775 145258153.5118   12443.8143       1.0000       0.0000       0.0015       1.0000       0.0015
-1.42e+28       0.1023       0.0025    3228.2833       0.0873 494688395350.8357 152935154.9213   13178.7138       1.0000       0.0000       0.0015       1.0000       0.0015
-6.58e+27       0.1023       0.0025    3228.7440       0.0386 507426921665.9590 156858543.4677   13536.1882       1.0000       0.0000       0.0015       1.0000       0.0015
-2.75e+27       0.1023       0.0025    3228.8403       0.0154 513446351436.1700 158718118.5169   13700.7621       1.0000       0.0000       0.0015       1.0000       0.0015
-1.09e+27       0.1023       0.0025    3228.8565       0.0056 515986071386.5914 159503891.0606   13769.2862       1.0000       0.0000       0.0015       1.0000       0.0015
-3.92e+26       0.1023       0.0025    3228.8589       0.0017 516998686320.5703 159817390.3103   13796.4505       1.0000       0.0000       0.0015       1.0000       0.0015
-1.20e+26       0.1023       0.0025    3228.8591       0.0003 517362236001.6443 159929972.3205   13806.1804       1.0000       0.0000       0.0015       1.0000       0.0015
